10.06
10.06
10.06
10.06
10.06
10.06
10.06
10.06
10.06
10.06
10.06
10.06
10.06
10.06
10.06
10.06
10.06
10.06
10.06
10.06
10.06
10.06
10.06
10.06
10.06
10.06
10.06
10.06
10.06
10.06
10.06
10.06
10.06
10.06
10.06
10.06
10.06
10.06
10.06
10.06
10.06
10.06
10.06
10.06
10.06
10.06
10.06
10.06
10.06
10.06
10.06
10.06
10.06
10.06
10.06
10.06
10.06
10.06
10.06
10.06
10.06
10.06
10.06
10.06
0
1
1
1
1
1
1
0
0
1
1
1
1
1
1
0
0
1
1
1
1
1
1
0
0
1
1
1
1
1
1
0
0
1
1
1
1
1
1
0
0
1
1
1
1
1
1
0
0
1
1
1
1
1
1
0
0
1
1
1
1
1
1
0
0
0.166667
0.333333
0.5
0.666667
0.833333
1
0.166667
0.333333
0.5
0.666667
0.833333
1
0.166667
0.333333
0.5
0.666667
0.833333
1
0.166667
0.333333
0.5
0.666667
0.833333
1
0.166667
0.333333
0.5
0.666667
0.833333
1
0.166667
0.333333
0.5
0.666667
0.833333
1
0.166667
0.333333
0.5
0.666667
0.833333
1
0.166667
0.333333
0.5
0.666667
0.833333
1
0.166667
0.333334
0.5
0.666667
0.833334
1
0.166667
0.333334
0.5
0.666667
0.833334
1
0.166667
0.333334
0.5
0
0.207912
0.406737
0.587785
0.743145
0.866025
0.951057
0.994522
0.994522
0.951056
0.866025
0.743145
0.587785
0.406737
0.207912
-8.74228e-08
-0.207912
-0.406737
-0.587785
-0.743145
-0.866025
-0.951056
-0.994522
-0.994522
-0.951056
-0.866025
-0.743145
-0.587785
-0.406736
-0.207912
1.74846e-07
0.207912
0.406737
0.587785
0.743145
0.866025
0.951057
0.994522
0.994522
0.951056
0.866025
0.743145
0.587785
0.406737
0.207911
-2.38498e-08
-0.207911
-0.406736
-0.587785
-0.743145
-0.866025
-0.951056
-0.994522
-0.994522
-0.951057
-0.866026
-0.743145
-0.587785
-0.406737
-0.207912
3.49691e-07
0.207912
0.406737
0.587785
